0 
1 
2 
3 
4 
5 
6 
7 
8 
9 429 12 17 52 
10 429 12 17 53 
11 
12 
13 
14 427 10 20 55 476 62 126 251 
15 428 8 17 54 480 65 115 251 
16 427 8 17 54 477 64 117 252 
17 427 6 17 55 477 67 113 244 
18 427 6 17 55 470 66 94 239 
19 426 7 20 55 472 64 90 240 
20 474 62 86 247 
21 425 4 18 53 478 58 78 246 
22 425 3 17 53 475 59 80 248 
23 425 3 17 52 472 59 79 252 
24 425 4 17 52 470 59 81 256 
25 424 3 17 52 459 62 91 269 
26 423 2 17 53 449 63 101 270 
27 423 2 17 52 447 65 101 265 
28 445 68 102 260 
29 423 3 17 50 437 69 94 263 
30 423 3 17 49 433 68 95 267 
31 422 3 17 49 432 68 94 269 
32 431 64 96 275 
33 425 63 99 275 
34 422 63 102 277 
35 420 63 103 274 
36 419 64 103 272 
37 414 65 105 268 
38 410 65 108 272 
39 407 67 112 291 
40 559 66 96 306 406 69 112 288 
41 388 73 129 288 
42 385 81 126 283 
43 383 85 126 282 
44 585 74 112 296 382 84 123 289 
45 420 0 19 50 383 84 120 293 
46 420 0 19 48 379 88 123 316 
47 377 84 124 326 
48 376 84 121 327 
49 372 81 123 333 
50 420 0 18 46 367 92 126 304 
51 420 0 17 46 366 85 127 319 
52 364 83 128 323 
53 420 0 18 45 354 76 133 350 
54 349 80 140 343 
55 347 90 141 374 
56 346 93 144 374 
