0 251 11 203 385 
1 255 10 201 382 
2 258 9 200 383 
3 259 9 200 384 
4 266 5 190 391 
5 269 5 188 394 
6 280 4 176 395 
7 287 5 172 394 
8 293 6 167 390 
9 298 9 163 390 
10 297 7 166 390 
11 300 5 163 396 
12 301 3 162 393 
13 300 4 164 391 
14 303 0 160 398 
15 315 1 164 395 
16 316 0 166 398 
17 317 0 162 398 
18 318 0 160 393 
19 317 0 163 395 
20 312 0 141 400 
21 322 0 121 379 
22 323 2 116 382 
23 321 4 115 376 
24 319 9 115 371 
25 318 11 118 368 
26 1 159 76 225 315 16 122 354 
27 4 145 167 251 313 16 124 355 
28 9 134 171 262 310 11 133 377 
29 11 109 212 293 312 9 135 383 
30 1 96 249 311 311 7 136 387 
31 0 78 257 332 312 5 135 390 
32 0 69 278 339 310 6 138 388 
33 0 66 292 343 313 5 133 383 
34 1 46 298 349 313 5 134 381 
35 6 45 292 351 312 4 134 377 
36 22 39 304 365 310 0 136 388 
37 20 32 311 375 309 2 137 388 
38 23 30 311 373 308 2 138 384 
39 26 27 311 378 309 2 137 378 
40 31 26 312 375 307 0 141 382 
41 39 24 308 378 308 2 143 377 
42 50 26 299 377 309 1 145 377 
43 66 20 280 380 307 1 151 381 
44 76 19 268 381 317 6 152 374 
45 90 24 273 379 317 0 158 384 
46 95 23 267 380 318 0 165 386 
47 108 25 253 373 317 0 184 385 
48 120 20 233 380 318 0 191 390 
49 119 10 239 397 322 1 191 388 
50 122 7 239 398 328 2 185 386 
51 129 4 224 400 333 3 180 386 
52 129 0 234 403 340 5 175 383 
53 138 0 228 402 341 5 178 381 
54 141 0 229 399 343 3 179 383 
55 148 2 222 394 342 5 182 381 
56 151 0 218 399 354 2 195 384 
57 156 0 211 402 352 2 204 384 
58 157 0 215 400 360 9 193 376 
59 160 0 209 405 360 11 192 373 
60 167 0 202 406 369 8 184 379 
61 170 0 201 409 381 6 174 383 
62 173 0 213 405 393 5 166 381 
63 169 0 205 401 397 6 163 378 
64 168 0 205 402 399 3 162 383 
65 176 0 208 403 402 4 160 382 
66 182 0 201 404 403 4 160 383 
67 193 0 188 408 404 5 160 380 
68 198 0 183 408 403 8 163 380 
69 202 0 179 405 404 5 162 386 
70 202 0 181 401 404 5 165 385 
71 208 0 173 397 401 7 169 383 
72 212 0 171 396 401 5 169 386 
73 213 0 173 393 398 5 172 386 
74 214 0 172 390 399 5 170 387 
75 217 0 168 386 397 7 169 385 
76 220 0 165 384 396 9 169 381 
77 223 0 163 384 393 6 170 384 
78 386 3 178 388 228 0 157 388 
79 379 5 182 386 231 0 152 387 
80 373 4 181 388 234 0 147 389 
81 236 0 142 384 370 3 180 389 
82 239 0 142 385 364 9 185 379 
83 243 0 139 387 358 10 192 381 
84 250 0 133 388 333 7 202 387 
85 251 0 131 383 332 9 202 391 
86 253 0 130 380 330 6 203 390 
87 261 6 110 347 318 9 215 384 
88 260 0 113 337 316 6 214 386 
89 261 4 110 327 314 7 213 385 
90 267 0 102 330 307 8 218 383 
91 294 6 227 386 
92 296 7 217 386 
93 297 4 217 391 
94 299 4 213 389 
95 296 4 213 392 
96 291 0 219 398 
97 287 2 221 398 
98 285 0 223 401 
99 280 0 227 406 
100 275 0 235 409 
101 267 0 230 409 
102 259 0 243 406 
103 252 0 248 404 
104 247 0 251 406 
105 238 0 257 408 
106 230 1 255 405 
107 224 4 252 402 
108 217 1 254 401 
109 210 2 257 397 
110 190 0 269 402 
111 180 6 272 397 
112 159 14 279 388 
113 140 26 292 376 
114 126 23 313 383 
115 107 33 308 369 
116 103 84 297 319 
117 74 39 336 363 
118 48 68 328 335 
119 38 71 322 331 
120 31 76 314 325 
121 273 0 190 399 17 80 315 323 
122 272 0 194 395 1 81 319 325 
123 274 0 193 394 3 85 308 324 
124 275 0 194 394 0 92 297 315 
125 275 0 197 391 0 95 277 312 
126 274 0 195 390 0 108 269 291 
127 272 0 198 395 0 112 255 283 
128 0 131 233 264 269 0 201 397 
129 10 135 209 262 268 0 204 400 
130 266 0 206 398 3 158 194 234 
131 263 2 205 395 5 165 179 229 
132 3 217 174 172 259 5 208 387 
133 258 7 206 389 
134 256 7 205 389 
135 248 7 207 389 
136 237 6 216 391 
137 228 4 221 388 
138 221 0 212 404 
139 214 0 218 404 
140 200 0 230 402 
141 188 0 238 401 
142 170 1 248 401 
143 162 1 250 399 
144 158 0 247 398 
145 138 0 255 403 
146 129 0 263 400 
147 112 2 278 398 
148 96 0 290 396 
149 103 0 276 401 
150 85 2 291 397 
151 84 0 287 395 
152 55 0 305 398 
153 50 5 308 392 
154 52 8 301 389 
155 44 8 303 391 
156 30 11 313 388 
157 26 12 315 392 
158 13 13 323 387 
159 8 20 327 379 
160 5 29 326 375 
161 2 29 311 380 
162 0 35 308 371 
163 0 38 301 368 
164 0 70 293 334 
165 0 75 285 329 
166 0 79 279 321 
167 0 77 271 322 
168 0 81 267 321 
169 0 88 262 317 
170 0 96 257 312 
171 0 116 250 294 
172 0 119 243 292 
173 0 118 236 288 
174 3 123 223 281 
175 0 135 217 272 
176 0 189 204 211 
177 1 207 201 194 
178 
179 
180 
181 
182 
183 
184 
185 
186 
187 
188 
189 
190 
191 
192 
193 
194 4 270 178 123 
195 6 268 178 126 
196 6 264 182 132 
197 1 255 194 139 
198 1 235 206 162 
199 2 222 224 171 
200 2 198 226 198 
201 8 179 231 221 
202 3 162 257 238 
203 16 153 252 250 
204 25 147 308 252 
205 37 140 310 261 
206 23 127 352 269 
207 66 113 338 291 
208 79 111 330 286 
209 98 103 321 291 
210 110 95 310 302 
211 134 95 317 305 
212 141 91 315 308 
213 150 83 315 312 
214 168 76 297 323 
215 199 69 287 330 
216 200 50 302 341 
217 215 45 292 343 
218 224 44 287 342 
219 245 26 264 367 
220 257 19 272 377 
221 263 16 263 384 
222 275 5 243 402 
223 277 2 243 399 
224 284 1 241 399 
225 294 0 231 406 
226 301 0 227 405 
227 308 0 226 410 
228 308 0 224 404 
229 313 0 214 405 
230 316 0 208 404 
231 320 0 200 405 
232 323 0 195 405 
233 323 0 194 404 
234 324 0 193 405 
235 325 0 186 399 
236 328 0 182 404 
237 330 0 179 405 
238 328 0 184 407 
239 332 0 181 404 
240 333 0 178 403 
241 332 0 177 401 
242 334 1 173 396 
243 337 1 170 392 
244 345 0 159 396 
245 347 7 160 386 
246 349 8 159 384 
247 353 8 152 386 
248 358 7 149 386 
249 358 4 147 390 
250 356 8 153 374 
251 0 142 169 254 358 6 151 360 
252 0 144 175 249 360 9 147 343 
253 0 145 173 245 376 29 122 301 
254 0 96 188 308 379 3 115 329 
255 0 100 190 305 379 24 117 308 
256 0 102 190 304 381 9 113 314 
257 0 107 187 294 382 11 112 309 
258 0 135 175 259 382 14 111 305 
259 0 137 176 257 381 13 112 303 
260 0 136 177 259 380 15 109 297 
261 0 131 173 266 380 16 108 292 
262 0 133 174 261 380 15 109 288 
263 0 96 171 299 379 19 109 274 
264 1 96 175 300 378 14 106 274 
265 1 86 166 314 377 14 104 246 
266 2 95 168 304 376 11 103 242 
267 1 93 170 305 376 12 102 234 
268 0 94 177 303 378 12 99 229 
269 1 97 179 302 379 11 99 229 
270 0 100 184 299 379 12 99 226 
271 0 99 194 301 380 11 95 228 
272 0 98 198 302 382 10 90 227 
273 0 97 200 309 382 11 89 226 
274 0 99 199 308 383 14 88 220 
275 0 99 200 306 384 16 86 215 
276 0 96 201 309 384 18 86 209 
277 382 6 93 213 0 95 203 308 
278 1 92 202 313 381 8 94 203 
279 11 82 205 323 382 9 93 194 
280 384 7 91 186 12 79 213 326 
281 18 74 217 332 386 6 90 182 
282 386 5 89 177 21 69 224 339 
283 25 66 225 344 385 5 87 166 
284 386 5 87 165 37 60 220 354 
285 72 63 201 341 386 6 86 162 
286 386 7 83 161 90 45 185 354 
287 386 7 83 160 106 31 193 374 
288 385 8 83 159 123 23 179 385 
289 384 7 82 160 132 24 195 375 
290 382 6 82 160 143 19 191 379 
291 382 6 82 156 146 13 205 390 
292 380 7 81 151 147 8 214 398 
293 151 8 216 398 380 8 78 146 
294 161 5 201 402 378 6 79 139 
295 165 4 200 406 376 0 73 143 
296 169 1 199 406 375 0 74 139 
297 167 0 205 406 374 0 75 135 
298 168 2 228 400 374 0 72 132 
299 177 5 221 396 373 0 68 131 
300 370 0 66 130 185 6 223 402 
301 367 2 63 128 184 3 239 403 
302 365 1 61 128 198 1 230 401 
303 365 0 61 131 204 0 227 400 
304 364 1 61 129 211 0 227 400 
305 363 2 62 126 223 0 225 395 
306 227 3 221 393 
307 232 0 219 401 
308 240 0 219 398 
309 249 0 215 401 
310 254 0 217 400 
311 262 0 209 397 
312 269 0 206 395 
313 275 0 198 401 
314 278 0 195 399 
315 283 0 190 401 
316 287 0 186 401 
317 291 0 182 399 
318 298 0 170 398 
319 306 0 170 394 
320 307 0 168 395 
321 309 0 166 394 
322 310 0 165 397 
323 310 0 165 399 
324 311 0 163 398 
325 311 0 163 397 
326 316 0 156 389 
327 314 0 159 379 
328 314 2 158 361 
329 315 9 157 337 
330 315 5 156 311 
331 312 1 163 299 
332 326 1 134 300 
333 303 3 161 291 
334 302 5 162 288 
335 299 5 164 290 
336 301 3 164 295 
337 340 20 115 267 
338 343 20 111 269 
339 342 17 113 273 
340 284 3 51 54 344 17 109 272 
341 345 18 110 269 
342 347 15 103 273 
343 277 2 65 80 348 30 111 245 
344 279 2 62 78 350 13 112 252 
345 277 2 61 73 351 16 112 243 
346 272 4 59 78 353 18 110 230 
347 274 5 51 87 354 20 108 215 
348 273 4 50 96 355 21 108 211 
349 272 5 52 96 353 18 113 213 
350 270 6 57 129 354 15 111 219 
351 265 7 58 134 365 12 110 229 
352 261 3 60 142 364 17 110 226 
353 255 5 61 141 364 18 110 232 
354 251 2 63 153 356 16 109 240 
355 249 2 63 156 356 16 110 238 
356 243 8 75 155 363 11 112 248 
357 234 11 74 151 363 13 111 245 
358 230 9 76 156 364 16 110 241 
359 233 9 72 157 365 17 108 237 
360 231 6 75 160 366 15 107 235 
361 227 4 78 165 365 13 108 237 
362 226 5 78 165 366 10 107 232 
363 228 5 77 179 366 10 107 230 
364 366 13 108 216 227 2 76 188 
365 226 0 77 197 367 9 107 205 
366 223 0 79 201 370 11 102 197 
367 220 0 81 203 370 13 102 190 
368 218 1 85 208 371 12 102 189 
369 215 3 86 209 371 14 100 185 
370 215 1 87 213 373 14 99 186 
371 374 15 99 184 214 3 88 210 
372 375 15 97 185 212 3 89 211 
373 378 14 92 185 209 4 91 207 
374 380 14 91 185 207 4 94 206 
375 379 16 94 182 205 6 97 201 
376 379 14 94 182 204 6 98 202 
377 205 9 98 202 377 12 98 180 
378 202 6 103 212 379 12 95 175 
379 381 14 95 163 201 13 109 230 
380 384 14 92 161 205 14 107 227 
381 390 11 85 151 205 17 110 226 
382 392 10 82 147 206 19 113 226 
383 395 0 79 153 208 21 110 231 
384 402 8 67 137 210 22 108 234 
385 216 34 99 236 402 9 69 135 
386 211 18 107 241 400 11 68 129 
387 209 13 109 252 399 12 71 124 
388 206 15 111 247 399 13 67 120 
389 204 15 114 248 399 9 67 121 
390 211 13 108 250 401 8 65 121 
391 212 9 111 260 401 6 63 123 
392 209 9 115 259 401 7 62 121 
393 204 8 122 264 399 6 65 120 
394 206 7 119 266 398 7 65 118 
395 201 1 127 270 396 6 67 119 
396 237 7 96 253 396 6 65 120 
397 247 6 87 253 393 5 72 123 
398 252 11 81 247 396 7 65 124 
399 250 14 87 247 391 3 69 128 
400 389 1 68 131 
401 387 2 66 132 
402 241 20 101 273 387 2 64 137 
403 236 19 109 285 386 2 65 137 
404 150 17 196 355 385 1 65 141 
405 148 15 202 357 383 1 68 144 
406 237 17 114 343 384 1 67 142 
407 214 30 158 346 383 4 68 137 
408 273 23 93 344 384 2 67 143 
409 273 20 99 351 378 3 68 141 
410 277 18 96 357 379 3 67 147 
411 300 44 82 328 379 2 66 147 
412 303 31 81 326 378 0 66 143 
413 307 27 81 338 366 5 84 141 
414 306 39 86 336 365 4 86 139 
415 305 34 88 348 362 3 91 137 
416 305 30 93 357 359 3 94 136 
417 360 4 89 136 324 33 83 349 
418 377 0 65 139 322 5 87 381 
419 322 2 88 385 
420 321 6 90 376 
421 320 2 91 384 
422 318 0 95 392 
423 317 0 98 395 
424 316 0 100 397 
425 316 0 103 394 
426 316 2 107 385 
427 317 5 108 380 
428 316 2 110 384 
429 317 4 112 380 
430 318 3 115 382 
431 320 4 113 382 
432 321 0 113 391 
433 321 0 115 414 
434 296 3 146 396 
435 291 5 152 393 
436 289 7 157 389 
437 286 10 164 385 
438 285 12 171 382 
439 290 9 171 385 
440 291 10 174 384 
441 289 10 179 389 
442 288 12 184 388 
443 290 7 183 397 
444 286 2 189 401 
445 287 2 189 401 
446 289 3 212 402 
447 290 5 211 403 
448 292 7 210 397 
449 291 11 212 396 
450 292 11 212 396 
451 291 12 213 396 
452 288 19 217 391 
453 289 17 216 387 
454 284 24 225 384 
455 281 30 229 377 
456 276 33 236 372 
457 257 43 242 358 
458 251 45 247 353 
459 242 73 251 329 
460 233 74 255 333 
461 225 77 256 330 
462 316 0 121 216 215 89 262 318 
463 313 0 125 225 199 96 279 311 
464 178 103 296 299 
465 170 108 310 295 
466 307 0 136 273 169 112 308 288 
467 308 0 132 280 168 115 306 286 
468 310 0 129 285 169 120 308 282 
469 313 0 126 293 169 131 298 268 
470 315 0 126 336 166 140 292 260 
471 315 0 125 344 155 147 294 252 
472 316 0 125 352 144 165 302 232 
473 307 0 146 368 133 169 313 225 
474 308 0 146 374 130 179 312 221 
475 309 0 148 387 98 193 327 202 
476 308 0 150 397 119 206 240 192 
477 308 0 150 400 79 213 251 184 
478 307 1 153 400 66 220 261 177 
479 305 5 155 396 67 230 254 167 
480 307 5 152 399 47 241 259 156 
481 23 252 262 148 305 6 157 397 
482 12 259 264 141 300 7 166 390 
483 302 10 163 383 
484 302 8 163 387 
485 300 10 166 383 
486 299 4 167 395 
487 297 3 169 395 
488 294 4 174 391 
489 292 6 174 392 
490 290 8 177 391 
491 286 11 181 388 
492 282 5 184 395 
493 279 3 186 396 
494 274 2 193 397 
495 268 3 198 397 
496 264 5 204 395 
497 260 3 209 398 
498 2 282 84 125 254 8 217 392 
499 0 288 77 114 247 5 226 393 
500 0 293 74 111 245 2 226 396 
501 0 290 70 116 244 0 224 399 
502 0 298 62 108 241 0 226 398 
503 0 299 44 105 237 0 226 399 
504 234 4 228 394 
505 232 8 228 387 
506 229 6 233 390 
507 224 8 240 387 
508 221 8 241 391 
509 217 10 245 387 
510 211 14 256 378 
511 196 6 257 394 
512 199 7 245 397 
513 189 12 256 386 
514 180 13 266 384 
515 175 13 260 387 
516 176 15 256 387 
517 165 13 262 393 
518 159 26 260 375 
519 120 31 289 369 
520 111 34 292 366 
521 88 37 303 367 
522 47 38 327 365 
523 20 37 347 367 
524 23 41 327 361 
525 3 74 304 332 
526 0 75 312 332 
527 0 83 296 316 
528 0 86 280 317 
529 0 98 266 309 
530 0 85 258 322 
531 0 111 238 299 
532 1 125 228 281 
533 0 111 222 293 
534 0 110 207 295 
535 
536 
537 
538 
539 
540 
541 
542 
543 
544 
545 
546 
547 
548 
549 
550 
